"umber hulk","umber hulks",5,6
0,0,0,1
